550 2 4 100
550 3 4 85
550 6 4 86
550 51 4 91
550 52 4 75
550 53 4 81
550 54 4 77
550 106 4 95
550 114 4 83
550 115 4 76
550 116 4 71
550 339 4 33
550 3 5 82
550 6 5 80
550 116 5 75
550 159 5 75
550 189 5 81
550 190 5 80
550 191 5 90
550 192 5 85
550 193 5 75
550 194 5 77
550 3 6 90
550 77 6 90
550 126 6 80
550 159 6 75
550 189 6 85
550 192 6 75
550 311 6 88
550 312 6 75
550 313 6 89
550 314 6 90
550 338 6 95
593 2 4 85
593 3 4 70
593 6 4 87
593 26 4 95
593 51 4 76
593 52 4 85
593 54 4 65
593 114 4 79
593 116 4 71
593 228 4 81
593 336 4 75
593 339 4 83
593 3 5 81
593 6 5 80
593 116 5 75
593 159 5 84
593 190 5 76
593 312 5 65
593 313 5 76
593 447 5 68
593 461 5 80
593 462 5 82
593 463 5 76
593 3 6 78
593 130 6 83
593 145 6 75
593 238 6 95
593 312 6 69
593 313 6 69
593 338 6 75
593 446 6 81
593 476 6 78
593 477 6 70
593 478 6 76
593 479 6 91
594 2 4 92
594 3 4 85
594 6 4 78
594 51 4 88
594 52 4 90
594 53 4 91
594 54 4 77
594 106 4 94
594 114 4 90
594 115 4 82
594 116 4 98
594 339 4 78
594 3 5 82
594 6 5 75
594 116 5 78
594 159 5 75
594 189 5 81
594 190 5 78
594 191 5 91
594 192 5 91
594 193 5 76
594 194 5 73
594 3 6 90
594 77 6 77
594 126 6 85
594 159 6 84
594 189 6 93
594 192 6 80
594 311 6 77
594 312 6 82
594 313 6 86
594 314 6 85
594 338 6 75
595 2 4 82
595 3 4 0
595 6 4 79
595 26 4 70
595 51 4 68
595 52 4 60
595 54 4 25
595 114 4 20
595 116 4 65
595 228 4 75
595 336 4 64
595 339 4 80
595 6 5 2
595 116 5 2
595 462 5 3
595 463 5 12
597 2 4 95
597 3 4 88
597 6 4 75
597 26 4 95
597 51 4 68
597 52 4 78
597 54 4 75
597 114 4 88
597 116 4 70
597 228 4 75
597 336 4 76
597 339 4 77
597 3 5 90
597 6 5 76
597 116 5 75
597 159 5 65
597 190 5 80
597 312 5 69
597 313 5 78
597 447 5 84
597 461 5 82
597 462 5 77
597 463 5 90
597 3 6 95
597 130 6 81
597 145 6 82
597 238 6 95
597 312 6 90
597 313 6 87
597 338 6 85
597 446 6 77
597 476 6 91
597 477 6 70
597 478 6 83
597 479 6 75
601 2 4 81
601 3 4 85
601 6 4 90
601 51 4 94
601 52 4 75
601 53 4 93
601 54 4 79
601 106 4 90
601 114 4 75
601 115 4 79
601 116 4 67
601 339 4 89
601 3 5 80
601 6 5 90
601 116 5 70
601 159 5 30
601 189 5 81
601 190 5 71
601 191 5 31
601 192 5 77
601 193 5 76
601 194 5 15
601 3 6 90
601 77 6 90
601 126 6 90
601 159 6 75
601 189 6 77
601 192 6 75
601 311 6 83
601 312 6 65
601 313 6 77
601 314 6 81
601 338 6 85
602 2 4 99
602 3 4 88
602 6 4 90
602 51 4 97
602 52 4 94
602 53 4 91
602 54 4 90
602 106 4 93
602 114 4 90
602 115 4 94
602 116 4 75
602 339 4 84
602 3 5 88
602 6 5 86
602 116 5 79
602 159 5 75
602 189 5 80
602 190 5 100
602 191 5 85
602 192 5 90
602 193 5 93
602 194 5 83
602 3 6 86
602 77 6 77
602 126 6 75
602 159 6 78
602 189 6 88
602 192 6 75
602 311 6 75
602 312 6 85
602 313 6 96
602 314 6 84
602 338 6 95
603 2 4 83
603 3 4 85
603 6 4 82
603 51 4 96
603 52 4 90
603 53 4 96
603 54 4 82
603 106 4 94
603 114 4 95
603 115 4 90
603 116 4 85
603 339 4 78
603 3 5 82
603 6 5 76
603 116 5 75
603 159 5 75
603 189 5 78
603 190 5 82
603 191 5 87
603 192 5 82
603 193 5 86
603 194 5 77
603 3 6 90
603 77 6 90
603 126 6 85
603 159 6 86
603 189 6 100
603 192 6 90
603 311 6 82
603 312 6 85
603 313 6 81
603 314 6 82
603 338 6 85
604 2 4 93
604 3 4 88
604 6 4 88
604 51 4 91
604 52 4 75
604 53 4 78
604 54 4 79
604 106 4 91
604 114 4 84
604 115 4 80
604 116 4 75
604 339 4 84
604 3 5 88
604 6 5 88
604 116 5 75
604 159 5 75
604 189 5 75
604 190 5 82
604 191 5 75
604 192 5 82
604 193 5 79
604 194 5 71
604 3 6 84
604 77 6 70
604 126 6 70
604 159 6 90
604 189 6 84
604 192 6 75
604 311 6 88
604 312 6 65
604 313 6 90
604 314 6 87
604 338 6 70
605 2 4 100
605 3 4 80
605 6 4 77
605 26 4 95
605 51 4 68
605 52 4 92
605 54 4 75
605 114 4 80
605 116 4 80
605 228 4 85
605 336 4 91
605 339 4 68
605 3 5 81
605 6 5 82
605 116 5 70
605 159 5 76
605 190 5 82
605 312 5 67
605 313 5 78
605 447 5 81
605 461 5 90
605 462 5 86
605 463 5 91
605 3 6 81
605 130 6 81
605 145 6 76
605 238 6 95
605 312 6 76
605 313 6 87
605 338 6 85
605 446 6 89
605 476 6 85
605 477 6 70
605 478 6 92
605 479 6 91
606 2 4 92
606 3 4 85
606 6 4 76
606 51 4 96
606 52 4 95
606 53 4 88
606 54 4 83
606 106 4 94
606 114 4 89
606 115 4 86
606 116 4 76
606 339 4 93
606 3 5 82
606 6 5 78
606 116 5 78
606 159 5 75
606 189 5 79
606 190 5 97
606 191 5 84
606 192 5 78
606 193 5 76
606 194 5 76
606 3 6 90
606 77 6 90
606 126 6 80
606 159 6 76
606 189 6 91
606 192 6 80
606 311 6 83
606 312 6 84
606 313 6 94
606 314 6 84
606 338 6 95
607 2 4 75
607 3 4 85
607 6 4 82
607 51 4 91
607 52 4 87
607 53 4 80
607 54 4 75
607 106 4 94
607 114 4 89
607 115 4 91
607 116 4 81
607 339 4 77
607 3 5 82
607 6 5 75
607 116 5 60
607 159 5 75
607 189 5 77
607 190 5 80
607 191 5 82
607 192 5 85
607 193 5 45
607 194 5 60
607 3 6 90
607 77 6 77
607 126 6 80
607 159 6 74
607 189 6 81
607 192 6 72
607 311 6 77
607 312 6 86
607 313 6 79
607 314 6 73
607 338 6 75
1598 2 4 94
1598 3 4 82
1598 6 4 70
1598 51 4 98
1598 52 4 80
1598 53 4 86
1598 54 4 75
1598 106 4 76
1598 114 4 81
1598 115 4 76
1598 116 4 76
1598 339 4 90
1598 3 5 80
1598 6 5 80
1598 116 5 80
1598 159 5 82
1598 189 5 84
1598 190 5 75
1598 191 5 82
1598 192 5 70
1598 193 5 90
1598 194 5 63
1598 775 5 75
1598 3 6 80
1598 77 6 80
1598 126 6 100
1598 159 6 95
1598 189 6 100
1598 192 6 83
1598 311 6 78
1598 312 6 81
1598 313 6 95
1598 314 6 91
1599 2 4 77
1599 3 4 75
1599 6 4 60
1599 51 4 77
1599 52 4 60
1599 53 4 75
1599 54 4 60
1599 106 4 70
1599 114 4 72
1599 115 4 67
1599 116 4 75
1599 339 4 85
1599 3 5 82
1599 6 5 75
1599 116 5 63
1599 159 5 88
1599 189 5 85
1599 190 5 68
1599 191 5 75
1599 192 5 68
1599 193 5 76
1599 194 5 21
1599 775 5 75
1599 3 6 82
1599 77 6 75
1599 126 6 75
1599 159 6 80
1599 189 6 88
1599 192 6 75
1599 311 6 75
1599 312 6 81
1599 313 6 85
1599 314 6 80
1602 2 4 93
1602 3 4 90
1602 6 4 90
1602 51 4 95
1602 52 4 87
1602 53 4 90
1602 54 4 80
1602 106 4 94
1602 114 4 87
1602 115 4 90
1602 116 4 85
1602 339 4 93
1602 3 5 81
1602 6 5 75
1602 116 5 83
1602 159 5 82
1602 189 5 95
1602 190 5 93
1602 191 5 85
1602 192 5 76
1602 193 5 90
1602 194 5 62
1602 775 5 98
1602 3 6 90
1602 77 6 90
1602 126 6 100
1602 159 6 90
1602 189 6 100
1602 192 6 90
1602 311 6 90
1602 312 6 86
1602 313 6 96
1602 314 6 92
1603 2 4 90
1603 3 4 90
1603 6 4 75
1603 51 4 82
1603 52 4 75
1603 53 4 75
1603 54 4 64
1603 106 4 77
1603 114 4 82
1603 115 4 90
1603 116 4 80
1603 339 4 80
1603 3 5 90
1603 6 5 75
1603 116 5 65
1603 159 5 93
1603 189 5 95
1603 190 5 90
1603 191 5 82
1603 192 5 70
1603 193 5 87
1603 194 5 25
1603 775 5 90
1603 3 6 90
1603 77 6 86
1603 126 6 78
1603 159 6 90
1603 189 6 88
1603 192 6 75
1603 311 6 90
1603 312 6 84
1603 313 6 86
1603 314 6 89
1604 2 4 90
1604 3 4 93
1604 6 4 75
1604 51 4 93
1604 52 4 84
1604 53 4 84
1604 54 4 77
1604 106 4 85
1604 114 4 80
1604 115 4 76
1604 116 4 84
1604 339 4 93
1604 3 5 94
1604 6 5 80
1604 116 5 82
1604 159 5 82
1604 189 5 90
1604 190 5 85
1604 191 5 80
1604 192 5 85
1604 193 5 88
1604 194 5 79
1604 775 5 85
1604 3 6 90
1604 77 6 85
1604 126 6 90
1604 159 6 85
1604 189 6 95
1604 192 6 87
1604 311 6 85
1604 312 6 83
1604 313 6 93
1604 314 6 94
1605 2 4 90
1605 3 4 89
1605 6 4 81
1605 51 4 80
1605 52 4 90
1605 53 4 90
1605 54 4 75
1605 106 4 77
1605 114 4 86
1605 115 4 83
1605 116 4 83
1605 339 4 95
1605 3 5 53
1605 6 5 75
1605 116 5 75
1605 159 5 89
1605 189 5 95
1605 190 5 71
1605 191 5 87
1605 192 5 75
1605 193 5 75
1605 194 5 26
1605 775 5 71
1605 3 6 82
1605 77 6 78
1605 126 6 80
1605 159 6 90
1605 189 6 82
1605 192 6 75
1605 311 6 90
1605 312 6 83
1605 313 6 90
1605 314 6 90
1606 2 4 85
1606 3 4 86
1606 6 4 79
1606 51 4 90
1606 52 4 68
1606 53 4 79
1606 54 4 68
1606 106 4 82
1606 114 4 82
1606 115 4 62
1606 116 4 74
1606 339 4 92
1606 3 5 85
1606 6 5 93
1606 116 5 75
1606 159 5 79
1606 189 5 88
1606 190 5 91
1606 191 5 81
1606 192 5 77
1606 193 5 90
1606 194 5 60
1606 775 5 91
1606 3 6 95
1606 77 6 90
1606 126 6 100
1606 159 6 90
1606 189 6 94
1606 192 6 90
1606 311 6 93
1606 312 6 84
1606 313 6 98
1606 314 6 90
1607 2 4 78
1607 3 4 75
1607 6 4 80
1607 51 4 77
1607 52 4 60
1607 53 4 75
1607 54 4 23
1607 106 4 70
1607 114 4 72
1607 115 4 64
1607 116 4 78
1607 339 4 92
1607 3 5 80
1607 6 5 75
1607 116 5 60
1607 159 5 77
1607 189 5 70
1607 190 5 75
1607 191 5 75
1607 192 5 73
1607 193 5 70
1607 194 5 23
1607 775 5 75
1607 3 6 80
1607 77 6 75
1607 126 6 75
1607 159 6 75
1607 189 6 73
1607 192 6 68
1607 311 6 77
1607 312 6 72
1607 313 6 80
1607 314 6 80
1609 2 4 94
1609 3 4 83
1609 6 4 80
1609 51 4 80
1609 52 4 81
1609 53 4 82
1609 54 4 26
1609 106 4 80
1609 114 4 82
1609 115 4 77
1609 116 4 85
1609 339 4 92
1609 3 5 85
1609 6 5 65
1609 116 5 70
1609 159 5 84
1609 189 5 97
1609 190 5 77
1609 191 5 80
1609 192 5 76
1609 193 5 70
1609 194 5 22
1609 775 5 77
1609 3 6 80
1609 77 6 70
1609 126 6 70
1609 159 6 90
1609 189 6 74
1609 192 6 71
1609 311 6 80
1609 312 6 79
1609 313 6 80
1609 314 6 82
1610 2 4 91
1610 3 4 95
1610 6 4 80
1610 51 4 95
1610 52 4 84
1610 53 4 80
1610 54 4 75
1610 106 4 80
1610 114 4 88
1610 115 4 82
1610 116 4 82
1610 339 4 95
1610 3 5 95
1610 6 5 92
1610 116 5 81
1610 159 5 84
1610 189 5 97
1610 190 5 100
1610 191 5 91
1610 192 5 88
1610 193 5 92
1610 194 5 63
1610 775 5 100
1610 3 6 95
1610 77 6 91
1610 126 6 97
1610 159 6 95
1610 189 6 98
1610 192 6 91
1610 311 6 95
1610 312 6 92
1610 313 6 100
1610 314 6 95
1855 2 4 75
1855 3 4 70
1855 6 4 79
1855 26 4 90
1855 51 4 68
1855 52 4 75
1855 54 4 60
1855 114 4 76
1855 116 4 66
1855 228 4 81
1855 336 4 91
1855 339 4 30
1855 3 5 52
1855 6 5 60
1855 116 5 70
1855 159 5 65
1855 190 5 78
1855 312 5 60
1855 313 5 69
1855 447 5 69
1855 461 5 78
1855 462 5 78
1855 463 5 75
1855 3 6 75
1855 130 6 81
1855 145 6 60
1855 238 6 95
1855 312 6 75
1855 313 6 81
1855 338 6 80
1855 446 6 60
1855 476 6 75
1855 477 6 70
1855 478 6 91
1855 479 6 91
2495 2 4 85
2495 3 4 87
2495 6 4 62
2495 51 4 71
2495 52 4 62
2495 53 4 63
2495 54 4 60
2495 106 4 95
2495 114 4 65
2495 115 4 63
2495 116 4 88
2495 3 5 82
2495 6 5 75
2495 116 5 70
2495 159 5 65
2495 189 5 66
2495 190 5 82
2495 191 5 76
2495 192 5 61
2495 193 5 75
2495 194 5 91
2495 775 5 82
2495 3 6 83
2495 77 6 78
2495 126 6 90
2495 159 6 85
2495 189 6 75
2495 192 6 83
2495 311 6 84
2495 312 6 85
2495 313 6 99
2495 314 6 86
2496 2 4 100
2496 3 4 81
2496 6 4 93
2496 51 4 100
2496 52 4 92
2496 53 4 96
2496 54 4 90
2496 106 4 100
2496 114 4 91
2496 115 4 91
2496 116 4 99
2496 3 5 85
2496 6 5 96
2496 116 5 90
2496 159 5 77
2496 189 5 86
2496 190 5 97
2496 191 5 93
2496 192 5 78
2496 193 5 99
2496 194 5 79
2496 775 5 97
2496 3 6 80
2496 77 6 86
2496 126 6 85
2496 159 6 95
2496 189 6 99
2496 192 6 97
2496 311 6 94
2496 312 6 95
2496 313 6 94
2496 314 6 91
2498 2 4 60
2498 3 4 90
2498 6 4 73
2498 51 4 66
2498 52 4 60
2498 53 4 63
2498 54 4 34
2498 106 4 77
2498 114 4 76
2498 115 4 65
2498 116 4 85
2498 3 5 81
2498 6 5 30
2498 116 5 60
2498 159 5 67
2498 189 5 60
2498 190 5 75
2498 191 5 76
2498 192 5 62
2498 193 5 76
2498 194 5 75
2498 775 5 75
2498 3 6 88
2498 77 6 83
2498 126 6 83
2498 159 6 70
2498 189 6 60
2498 192 6 71
2498 311 6 87
2498 312 6 70
2498 313 6 93
2498 314 6 71
2499 2 4 75
2499 3 4 93
2499 6 4 82
2499 51 4 70
2499 52 4 60
2499 53 4 66
2499 54 4 74
2499 106 4 90
2499 114 4 74
2499 115 4 72
2499 116 4 92
2499 3 5 90
2499 6 5 65
2499 116 5 68
2499 159 5 65
2499 189 5 61
2499 190 5 65
2499 191 5 70
2499 192 5 63
2499 193 5 74
2499 194 5 27
2499 775 5 65
2499 3 6 88
2499 77 6 81
2499 126 6 84
2499 159 6 75
2499 189 6 74
2499 192 6 78
2499 311 6 85
2499 312 6 73
2499 313 6 93
2499 314 6 71
2502 2 4 90
2502 3 4 90
2502 6 4 94
2502 51 4 70
2502 52 4 75
2502 53 4 76
2502 54 4 75
2502 106 4 77
2502 114 4 79
2502 115 4 79
2502 116 4 89
2502 3 5 81
2502 6 5 94
2502 116 5 76
2502 159 5 67
2502 189 5 93
2502 190 5 75
2502 191 5 88
2502 192 5 74
2502 193 5 86
2502 194 5 62
2502 775 5 75
2502 3 6 88
2502 77 6 83
2502 126 6 70
2502 159 6 80
2502 189 6 98
2502 192 6 86
2502 311 6 83
2502 312 6 79
2502 313 6 96
2502 314 6 91
2503 2 4 76
2503 3 4 84
2503 6 4 82
2503 51 4 66
2503 52 4 62
2503 53 4 84
2503 54 4 69
2503 106 4 86
2503 114 4 79
2503 115 4 76
2503 116 4 95
2503 3 5 79
2503 6 5 75
2503 116 5 75
2503 159 5 82
2503 189 5 85
2503 190 5 89
2503 191 5 76
2503 192 5 69
2503 193 5 75
2503 194 5 65
2503 775 5 89
2503 3 6 77
2503 77 6 85
2503 126 6 91
2503 159 6 90
2503 189 6 92
2503 192 6 75
2503 311 6 89
2503 312 6 90
2503 313 6 99
2503 314 6 91
2505 2 4 95
2505 3 4 89
2505 6 4 67
2505 51 4 88
2505 52 4 85
2505 53 4 90
2505 54 4 77
2505 106 4 90
2505 114 4 88
2505 115 4 76
2505 116 4 100
2505 3 5 88
2505 6 5 75
2505 116 5 82
2505 159 5 85
2505 189 5 95
2505 190 5 96
2505 191 5 88
2505 192 5 72
2505 193 5 90
2505 194 5 79
2505 775 5 96
2505 3 6 88
2505 77 6 76
2505 126 6 90
2505 159 6 80
2505 189 6 90
2505 192 6 81
2505 311 6 85
2505 312 6 93
2505 313 6 99
2505 314 6 91
2507 2 4 95
2507 3 4 90
2507 6 4 84
2507 51 4 90
2507 52 4 81
2507 53 4 92
2507 54 4 86
2507 106 4 89
2507 114 4 84
2507 115 4 96
2507 116 4 94
2507 3 5 85
2507 6 5 90
2507 116 5 78
2507 159 5 70
2507 189 5 90
2507 190 5 100
2507 191 5 92
2507 192 5 84
2507 193 5 94
2507 194 5 68
2507 775 5 100
2507 3 6 88
2507 77 6 83
2507 126 6 94
2507 159 6 95
2507 189 6 98
2507 192 6 91
2507 311 6 90
2507 312 6 98
2507 313 6 99
2507 314 6 95
2509 2 4 13
2509 3 4 23
2509 6 4 5
2509 52 4 0
2509 53 4 0
2509 54 4 0
2509 106 4 0
2509 115 4 0
2510 2 4 90
2510 3 4 91
2510 6 4 80
2510 51 4 92
2510 52 4 77
2510 53 4 86
2510 54 4 75
2510 106 4 85
2510 114 4 86
2510 115 4 80
2510 116 4 94
2510 3 5 83
2510 6 5 81
2510 116 5 88
2510 159 5 70
2510 189 5 90
2510 190 5 94
2510 191 5 91
2510 192 5 74
2510 193 5 93
2510 194 5 71
2510 775 5 94
2510 3 6 88
2510 77 6 83
2510 126 6 92
2510 159 6 85
2510 189 6 96
2510 192 6 88
2510 311 6 90
2510 312 6 97
2510 313 6 98
2510 314 6 95
2512 2 4 75
2512 3 4 95
2512 6 4 78
2512 51 4 88
2512 52 4 83
2512 53 4 93
2512 54 4 75
2512 106 4 100
2512 114 4 95
2512 115 4 87
2512 116 4 98
2512 3 5 95
2512 6 5 87
2512 116 5 80
2512 159 5 75
2512 189 5 92
2512 190 5 98
2512 191 5 92
2512 192 5 74
2512 193 5 91
2512 194 5 77
2512 775 5 98
2512 3 6 90
2512 77 6 82
2512 126 6 90
2512 159 6 80
2512 189 6 94
2512 192 6 85
2512 311 6 89
2512 312 6 87
2512 313 6 99
2512 314 6 90
2514 2 4 100
2514 3 4 91
2514 6 4 75
2514 51 4 87
2514 52 4 81
2514 53 4 94
2514 54 4 89
2514 106 4 83
2514 114 4 96
2514 115 4 91
2514 116 4 99
2514 3 5 95
2514 6 5 97
2514 116 5 80
2514 159 5 80
2514 189 5 84
2514 190 5 98
2514 191 5 91
2514 192 5 84
2514 193 5 93
2514 194 5 73
2514 775 5 98
2514 3 6 92
2514 77 6 81
2514 126 6 85
2514 159 6 80
2514 189 6 90
2514 192 6 83
2514 311 6 89
2514 312 6 83
2514 313 6 97
2514 314 6 91
2515 2 4 100
2515 3 4 90
2515 6 4 80
2515 51 4 90
2515 52 4 78
2515 53 4 93
2515 54 4 71
2515 106 4 85
2515 114 4 90
2515 115 4 83
2515 116 4 94
2515 3 5 88
2515 6 5 78
2515 116 5 82
2515 159 5 60
2515 189 5 95
2515 190 5 97
2515 191 5 91
2515 192 5 81
2515 193 5 91
2515 194 5 78
2515 775 5 97
2515 3 6 90
2515 77 6 83
2515 126 6 90
2515 159 6 80
2515 189 6 98
2515 192 6 83
2515 311 6 91
2515 312 6 95
2515 313 6 98
2515 314 6 91
2517 2 4 90
2517 3 4 88
2517 6 4 35
2517 51 4 72
2517 52 4 78
2517 53 4 75
2517 54 4 55
2517 106 4 92
2517 114 4 69
2517 115 4 81
2517 116 4 91
2517 3 5 88
2517 6 5 75
2517 116 5 70
2517 159 5 85
2517 189 5 93
2517 190 5 95
2517 191 5 88
2517 192 5 72
2517 193 5 90
2517 194 5 33
2517 775 5 95
2517 3 6 90
2517 77 6 81
2517 126 6 93
2517 159 6 75
2517 189 6 96
2517 192 6 80
2517 311 6 87
2517 312 6 88
2517 313 6 98
2517 314 6 92
2609 3 5 37
2609 6 5 60
2609 116 5 22
2609 159 5 30
2609 192 5 20
2609 193 5 63
2609 194 5 18
2609 77 6 9
2609 126 6 0
2609 192 6 0
2609 311 6 0
3225 2 4 100
3225 3 4 90
3225 6 4 84
3225 51 4 100
3225 52 4 96
3225 53 4 94
3225 54 4 90
3225 114 4 90
3225 115 4 95
3225 116 4 95
3225 3 5 93
3225 6 5 94
3225 116 5 90
3225 150 5 100
3225 159 5 75
3225 189 5 100
3225 190 5 81
3225 191 5 97
3225 192 5 73
3225 193 5 93
3225 775 5 80
3225 3 6 93
3225 26 6 99
3225 55 6 90
3225 112 6 80
3225 159 6 93
3225 189 6 100
3225 194 6 92
3225 312 6 87
3225 1586 6 94
3225 1587 6 92
3226 2 4 92
3226 3 4 85
3226 6 4 76
3226 51 4 100
3226 52 4 82
3226 53 4 85
3226 54 4 80
3226 114 4 71
3226 115 4 93
3226 116 4 75
3226 3 5 87
3226 6 5 89
3226 116 5 75
3226 150 5 98
3226 159 5 60
3226 189 5 79
3226 190 5 82
3226 191 5 96
3226 192 5 65
3226 193 5 97
3226 775 5 85
3226 3 6 90
3226 26 6 89
3226 55 6 90
3226 112 6 76
3226 159 6 82
3226 189 6 86
3226 194 6 77
3226 312 6 87
3226 1586 6 90
3226 1587 6 80
3227 2 4 90
3227 3 4 35
3227 6 4 75
3227 51 4 100
3227 52 4 76
3227 53 4 75
3227 54 4 75
3227 114 4 78
3227 115 4 70
3227 116 4 81
3227 3 5 70
3227 6 5 60
3227 116 5 75
3227 150 5 71
3227 159 5 60
3227 189 5 84
3227 190 5 82
3227 191 5 77
3227 192 5 65
3227 193 5 71
3227 775 5 83
3227 3 6 0
3227 26 6 60
3227 55 6 0
3227 112 6 60
3227 159 6 65
3227 189 6 69
3227 194 6 17
3227 312 6 60
3227 1586 6 67
3227 1587 6 35
3228 2 4 90
3228 3 4 90
3228 6 4 71
3228 51 4 100
3228 52 4 87
3228 53 4 90
3228 54 4 75
3228 114 4 75
3228 115 4 91
3228 116 4 65
3228 3 5 93
3228 6 5 92
3228 116 5 65
3228 150 5 92
3228 159 5 65
3228 189 5 79
3228 190 5 77
3228 191 5 86
3228 192 5 60
3228 193 5 75
3228 775 5 84
3228 3 6 87
3228 26 6 89
3228 55 6 90
3228 112 6 70
3228 159 6 70
3228 189 6 75
3228 194 6 75
3228 312 6 85
3228 1586 6 91
3228 1587 6 90
3231 2 4 90
3231 3 4 90
3231 6 4 70
3231 51 4 100
3231 52 4 87
3231 53 4 88
3231 54 4 75
3231 114 4 77
3231 115 4 96
3231 116 4 75
3231 3 5 93
3231 6 5 85
3231 116 5 75
3231 150 5 90
3231 159 5 86
3231 189 5 64
3231 190 5 90
3231 191 5 85
3231 192 5 66
3231 193 5 81
3231 775 5 84
3231 3 6 86
3231 26 6 89
3231 55 6 90
3231 112 6 63
3231 159 6 75
3231 189 6 80
3231 194 6 65
3231 312 6 88
3231 1586 6 90
3231 1587 6 85
3233 2 4 95
3233 3 4 90
3233 6 4 87
3233 51 4 100
3233 52 4 92
3233 53 4 92
3233 54 4 75
3233 114 4 92
3233 115 4 86
3233 116 4 85
3233 3 5 93
3233 6 5 93
3233 116 5 87
3233 150 5 100
3233 159 5 69
3233 189 5 95
3233 190 5 90
3233 191 5 100
3233 192 5 69
3233 193 5 97
3233 775 5 88
3233 3 6 93
3233 26 6 98
3233 55 6 90
3233 112 6 75
3233 159 6 75
3233 189 6 94
3233 194 6 75
3233 312 6 80
3233 1586 6 96
3233 1587 6 79
3234 2 4 95
3234 3 4 89
3234 6 4 70
3234 51 4 100
3234 52 4 87
3234 53 4 94
3234 54 4 75
3234 114 4 77
3234 115 4 80
3234 116 4 92
3234 3 5 93
3234 6 5 89
3234 116 5 75
3234 150 5 92
3234 159 5 60
3234 189 5 78
3234 190 5 84
3234 191 5 85
3234 192 5 68
3234 193 5 75
3234 775 5 84
3234 3 6 86
3234 26 6 89
3234 55 6 90
3234 112 6 75
3234 159 6 84
3234 189 6 78
3234 194 6 60
3234 312 6 75
3234 1586 6 94
3234 1587 6 80
3236 2 4 90
3236 3 4 88
3236 6 4 85
3236 51 4 100
3236 52 4 88
3236 53 4 85
3236 54 4 35
3236 114 4 69
3236 115 4 88
3236 116 4 92
3236 3 5 93
3236 6 5 89
3236 116 5 75
3236 150 5 77
3236 159 5 70
3236 189 5 68
3236 190 5 81
3236 191 5 94
3236 192 5 68
3236 193 5 83
3236 775 5 80
3236 3 6 85
3236 26 6 89
3236 55 6 75
3236 112 6 82
3236 159 6 75
3236 189 6 60
3236 194 6 65
3236 312 6 29
3236 1586 6 88
3236 1587 6 76
3237 2 4 97
3237 3 4 90
3237 6 4 82
3237 51 4 100
3237 52 4 90
3237 53 4 93
3237 54 4 85
3237 114 4 90
3237 115 4 92
3237 116 4 70
3237 3 5 93
3237 6 5 90
3237 116 5 90
3237 150 5 90
3237 159 5 65
3237 189 5 100
3237 190 5 85
3237 191 5 98
3237 192 5 77
3237 193 5 87
3237 775 5 90
3237 3 6 86
3237 26 6 99
3237 55 6 90
3237 112 6 84
3237 159 6 92
3237 189 6 100
3237 194 6 90
3237 312 6 88
3237 1586 6 91
3237 1587 6 86
3239 2 4 100
3239 3 4 83
3239 6 4 82
3239 51 4 100
3239 52 4 94
3239 53 4 85
3239 54 4 75
3239 114 4 75
3239 115 4 92
3239 116 4 70
3239 3 5 88
3239 6 5 95
3239 116 5 75
3239 150 5 81
3239 159 5 65
3239 189 5 69
3239 190 5 75
3239 191 5 90
3239 192 5 65
3239 193 5 78
3239 775 5 80
3239 3 6 90
3239 26 6 89
3239 55 6 75
3239 112 6 69
3239 159 6 84
3239 189 6 60
3239 194 6 60
3239 312 6 83
3239 1586 6 88
3239 1587 6 80
3240 2 4 90
3240 3 4 85
3240 6 4 81
3240 51 4 100
3240 52 4 82
3240 53 4 83
3240 54 4 75
3240 114 4 76
3240 115 4 90
3240 116 4 78
3240 3 5 88
3240 6 5 79
3240 116 5 42
3240 150 5 97
3240 159 5 65
3240 189 5 100
3240 190 5 77
3240 191 5 92
3240 192 5 60
3240 193 5 78
3240 775 5 85
3240 3 6 88
3240 26 6 99
3240 55 6 90
3240 112 6 75
3240 159 6 95
3240 189 6 85
3240 194 6 82
3240 312 6 85
3240 1586 6 86
3240 1587 6 78
3241 2 4 66
3241 3 4 65
3241 6 4 70
3241 51 4 100
3241 52 4 73
3241 53 4 78
3241 54 4 70
3241 114 4 70
3241 115 4 61
3241 116 4 70
3241 3 5 36
3241 6 5 60
3241 116 5 35
3241 150 5 79
3241 159 5 65
3241 189 5 70
3241 190 5 80
3241 191 5 61
3241 192 5 60
3241 193 5 63
3241 775 5 80
3241 3 6 0
3241 26 6 60
3241 55 6 75
3241 112 6 36
3241 159 6 65
3241 189 6 60
3241 194 6 18
3241 312 6 60
3241 1586 6 64
3241 1587 6 60
3242 2 4 66
3242 3 4 65
3242 6 4 67
3242 51 4 100
3242 52 4 67
3242 53 4 73
3242 54 4 35
3242 114 4 62
3242 115 4 66
3242 116 4 63
3242 3 5 36
3242 6 5 75
3242 116 5 31
3242 150 5 71
3242 159 5 60
3242 189 5 74
3242 190 5 77
3242 191 5 64
3242 192 5 60
3242 193 5 65
3242 775 5 75
3242 3 6 0
3242 26 6 60
3242 55 6 75
3242 112 6 35
3242 159 6 65
3242 189 6 60
3242 194 6 18
3242 312 6 71
3242 1586 6 80
3242 1587 6 60
3245 2 4 81
3245 3 4 95
3245 6 4 72
3245 51 4 100
3245 52 4 91
3245 53 4 80
3245 54 4 70
3245 114 4 65
3245 115 4 85
3245 116 4 75
3245 3 5 95
3245 6 5 75
3245 116 5 70
3245 150 5 80
3245 159 5 60
3245 189 5 70
3245 190 5 80
3245 191 5 86
3245 192 5 67
3245 193 5 86
3245 775 5 83
3245 3 6 95
3245 26 6 89
3245 55 6 75
3245 112 6 66
3245 159 6 65
3245 189 6 17
3245 194 6 74
3245 312 6 60
3245 1586 6 65
3245 1587 6 69
